 -68.250  -8.750    25.0    24.1    24.8    24.7    24.9    24.9    22.7    23.6    24.0    24.6    25.2    25.5
 -68.250  -9.250    24.8    23.8    24.6    24.4    24.8    24.8    22.5    23.5    23.8    24.4    24.9    25.4
 -68.250  -9.750    25.0    24.0    24.9    24.7    24.9    25.3    22.8    23.9    24.2    24.8    25.3    25.6
 -68.250 -10.250    25.6    24.6    25.3    25.4    25.6    26.2    23.8    24.7    24.9    25.5    25.9    26.3
 -68.250 -10.750    26.6    25.7    25.7    26.4    26.1    26.5    24.9    25.4    25.8    26.3    26.7    27.2
 -68.250 -11.250    26.9    25.9    25.6    26.6    26.1    26.1    25.0    25.5    26.0    26.4    26.6    27.3
 -68.250 -11.750    26.7    25.4    25.5    26.5    25.7    25.4    24.7    25.1    25.9    26.0    26.5    27.0
 -68.250 -12.250    26.7    25.2    25.3    26.6    25.5    25.0    24.4    24.9    26.0    25.6    26.5    26.7
 -68.250 -12.750    26.3    24.9    25.0    26.3    25.1    24.8    24.1    24.7    25.6    25.3    26.2    26.3
 -68.250 -13.250    27.2    25.9    26.1    27.3    25.9    25.7    25.0    25.9    26.1    26.6    27.3    27.5
 -68.250 -13.750    27.9    26.8    27.2    28.2    26.5    26.5    25.6    27.0    26.5    27.8    28.2    28.7
 -68.250 -14.250    25.7    24.9    25.2    25.9    24.6    24.8    23.4    25.5    24.3    25.9    26.4    26.8
 -68.250 -14.750    23.0    22.1    22.6    22.9    21.9    22.3    20.7    23.2    21.8    23.2    23.6    23.8
 -68.250 -15.250    28.3    27.3    27.5    27.8    26.5    26.8    25.3    27.9    26.7    28.3    28.8    28.4
 -68.250 -15.750    21.8    20.7    20.8    20.8    19.5    19.7    18.3    20.5    20.3    21.6    22.4    21.1
 -68.250 -16.250     6.8     5.3     5.3     5.4     4.5     4.6     2.7     4.7     5.3     7.0     7.5     5.7
 -68.250 -16.750    10.3     8.7     8.8     8.7     7.7     7.7     5.7     7.7     8.7    10.3    10.7     9.0
 -68.250 -17.250     7.3     6.4     6.3     5.0     3.5     2.1     0.9     2.9     4.7     5.9     6.9     6.0
 -68.250 -17.750     9.6     8.7     9.1     7.2     6.0     4.2     2.6     5.0     7.1     7.7     8.8     8.3
 -68.250 -18.250    10.8    10.2    10.6     8.6     7.5     5.4     4.0     6.6     8.2     9.1    10.3     9.9
 -68.250 -18.750    11.5    11.4    11.0     9.3     7.4     6.0     4.9     7.2     8.7    10.0    11.0    11.1
 -68.250 -19.250    10.6    11.1     9.8     8.0     5.5     4.8     3.7     5.6     7.2     8.5     9.5    10.3
 -68.250 -19.750     9.0     8.9     7.6     6.0     3.5     1.8     0.7     2.4     4.4     5.9     7.1     8.5
 -68.250 -20.250     9.0     8.5     7.5     5.8     3.6     1.3     0.1     2.0     4.2     6.0     7.2     8.7
 -68.250 -20.750     5.9     5.2     4.3     2.5     0.4    -1.5    -2.9    -0.3     1.3     3.7     4.5     6.1
 -68.250 -21.250     9.5     8.7     7.9     5.9     3.7     2.4     0.8     4.1     5.3     8.1     8.6    10.0
 -68.250 -21.750     5.2     4.2     3.4     1.4    -0.4    -2.3    -3.5     0.6     1.0     3.5     4.3     5.7
 -68.250 -22.250    11.8    10.7     9.8     8.0     6.5     4.2     3.2     8.1     7.7    10.2    11.1    12.4
 -68.250 -22.750    13.3    12.1    11.2     9.4     8.1     5.7     4.8     9.9     9.0    11.6    12.5    13.8
 -68.250 -23.250    15.5    14.5    13.5    11.8    10.6     8.3     7.6    12.0    11.0    13.6    14.5    15.9
 -68.250 -23.750    14.1    13.5    12.4    10.8     9.7     7.5     7.0    10.3     9.6    12.0    12.9    14.2
 -68.250 -24.250     6.7     6.6     5.6     4.1     3.0     0.9     0.7     2.7     2.6     4.7     5.6     6.7
 -68.250 -24.750     5.7     6.0     5.1     4.1     2.8     0.7     0.8     1.7     2.3     4.0     5.1     5.8
 -68.250 -25.250     5.4     5.7     4.6     3.9     2.8     0.5     0.5     1.1     1.9     3.6     4.7     5.7
 -68.250 -25.750     7.1     7.4     6.1     5.7     4.6     2.0     2.0     2.3     3.2     5.0     6.2     7.7
 -68.250 -26.250     4.6     4.8     3.1     2.6     1.3    -1.5    -1.9    -1.5     0.0     2.2     3.5     5.4
 -68.250 -26.750     5.4     5.4     3.2     2.2     0.4    -2.6    -2.9    -2.4    -0.2     2.5     3.9     6.3
 -68.250 -27.250     7.1     6.6     3.7     1.9    -0.9    -3.8    -4.4    -3.2    -0.5     3.1     4.9     7.7
 -68.250 -27.750     8.6     7.6     4.4     2.4    -0.6    -3.4    -4.1    -2.8     0.0     3.9     5.9     9.2
 -68.250 -28.250    15.5    14.1    10.9     9.4     6.9     4.3     3.7     4.6     6.5    10.2    12.4    15.9
 -68.250 -28.750    21.4    19.6    16.5    15.3    13.1    10.6    10.1    10.8    12.1    15.6    18.1    21.6
 -68.250 -29.250    25.5    23.3    20.0    18.0    14.9    12.0    11.9    13.0    14.7    19.0    22.0    25.5
 -68.250 -29.750    24.7    22.3    18.7    16.3    12.7     9.8     9.8    10.7    12.5    17.3    20.9    24.6
 -68.250 -30.250    27.8    25.4    21.8    19.1    15.5    12.8    12.6    13.3    14.7    20.1    24.0    27.8
 -68.250 -30.750    28.1    26.1    22.4    19.1    15.2    11.9    11.9    13.0    14.7    20.6    24.3    28.1
 -68.250 -31.250    27.9    26.0    22.3    18.3    14.5    10.3    10.5    12.2    14.3    20.4    23.5    27.9
 -68.250 -31.750    27.6    25.8    22.2    18.3    14.5    10.5    10.8    12.3    14.6    20.2    23.3    27.7
 -68.250 -32.250    27.2    25.7    22.0    18.5    14.8    11.4    11.6    12.7    14.7    20.2    23.1    27.7
 -68.250 -32.750    26.2    24.5    20.7    17.5    13.6    10.4    10.7    12.0    14.1    19.7    22.5    27.0
 -68.250 -33.250    25.7    23.9    20.2    17.2    12.9     9.6    10.0    11.5    14.0    19.7    22.2    26.5
 -68.250 -33.750    24.2    23.0    19.2    15.7    11.8     8.4     9.0    10.0    12.6    17.9    20.2    24.6
 -68.250 -34.250    23.3    22.5    18.4    14.9    11.2     8.0     9.0     9.4    11.7    16.8    19.0    23.8
 -68.250 -34.750    23.4    22.6    18.3    15.4    12.0     8.1     9.7     9.7    12.1    16.6    18.9    24.0
 -68.250 -35.250    22.9    21.9    17.7    14.1    10.8     7.3     8.3     8.9    11.3    16.3    18.3    23.2
 -68.250 -35.750    20.9    19.8    15.9    12.0     8.7     5.2     6.1     6.9     9.1    14.4    16.2    20.9
 -68.250 -36.250    22.0    20.9    17.1    13.0     9.6     5.9     6.8     7.7    10.0    15.2    16.9    21.7
 -68.250 -36.750    23.1    21.9    18.1    14.0    10.3     6.4     7.4     8.2    10.7    15.8    17.4    22.1
 -68.250 -37.250    22.6    21.2    17.2    13.2     9.2     5.6     6.7     7.2    10.2    15.3    16.7    21.2
 -68.250 -37.750    22.5    21.0    16.8    12.8     8.5     5.2     6.2     6.5    10.0    15.2    16.7    20.9
 -68.250 -38.250    21.6    19.9    15.8    11.8     7.2     3.9     4.9     5.2     9.0    14.2    15.7    19.7
 -68.250 -38.750    23.5    21.7    17.7    13.4     8.7     5.4     6.4     6.8    10.7    15.9    17.5    21.4
 -68.250 -39.250    21.4    19.8    15.7    11.7     7.1     3.9     5.0     5.3     9.0    14.2    15.8    19.6
 -68.250 -39.750    21.0    19.5    15.5    11.3     7.0     4.0     5.1     5.4     8.8    13.9    15.7    19.7
 -68.250 -40.250    17.7    16.5    12.6     8.3     4.5     1.8     2.9     3.1     5.8    10.8    13.0    17.0
 -68.250 -40.750    17.0    16.0    12.2     8.1     4.7     2.4     3.5     3.7     5.6    10.2    12.6    16.7
 -68.250 -41.250    16.3    15.7    11.9     7.6     4.5     2.5     3.5     3.7     5.4     9.8    12.5    16.4
 -68.250 -41.750    13.7    13.2     9.5     5.1     2.1     0.0     0.9     1.0     2.9     7.4    10.0    14.1
 -68.250 -42.250    14.3    13.5    10.0     5.6     2.5     0.4     1.0     1.0     3.5     7.8    10.1    14.5
 -68.250 -42.750    13.0    12.1     9.1     5.0     1.7    -0.6    -0.1     0.0     3.0     6.6     8.5    13.1
 -68.250 -43.250    16.9    15.9    13.3     9.3     5.9     3.5     4.0     4.2     7.4    10.7    12.4    16.9
 -68.250 -43.750    18.1    17.1    14.6    10.4     7.1     4.6     5.2     5.3     8.5    11.8    13.6    18.1
 -68.250 -44.250    17.5    16.5    13.8     9.7     6.4     3.9     4.4     4.8     7.8    11.1    13.0    17.3
 -68.250 -44.750    18.2    17.2    14.3    10.3     7.2     4.9     5.5     5.9     8.5    11.7    13.8    17.7
 -68.250 -45.250    17.1    16.4    13.0     9.2     6.2     3.9     4.8     5.0     7.4    10.7    12.9    16.2
 -68.250 -45.750    15.9    15.2    11.6     7.8     4.9     2.7     3.6     3.9     6.0     9.2    11.7    14.9
 -68.250 -46.250    18.8    17.9    14.2    10.5     7.2     5.2     6.1     6.3     8.5    11.9    14.4    17.6
 -68.250 -46.750    18.2    17.2    13.7     9.8     6.3     4.3     5.2     5.4     7.8    11.4    13.8    17.1
 -68.250 -47.250    17.7    16.6    13.4     9.5     5.7     3.9     4.8     5.1     7.4    10.9    13.3    16.8
 -68.250 -47.750    17.1    16.1    13.1     9.4     5.6     3.9     4.8     5.1     7.3    10.6    12.9    16.4
 -68.250 -48.250    15.3    14.3    11.6     8.4     4.4     3.0     4.1     4.2     6.4     9.4    11.3    14.6
 -68.250 -48.750    15.5    14.1    11.7     8.6     4.3     3.1     4.2     4.3     6.7     9.7    11.6    15.0
 -68.250 -49.250    15.5    13.9    11.5     8.3     3.7     2.3     3.5     3.7     6.5     9.6    11.5    15.1
 -68.250 -49.750    15.8    14.7    11.5     8.4     3.4     2.2     3.2     3.4     6.6     9.9    11.9    15.4
 -68.250 -53.750    10.3     8.5     7.0     3.7     0.0     0.5    -0.3     1.9     2.8     6.0     6.7     9.4
 -68.250 -54.250     9.1     7.8     6.4     3.3    -0.1    -0.2     0.2     1.7     2.5     6.1     6.1     8.1
 -68.250 -54.750     7.4     6.9     5.3     2.7    -0.3    -0.7     0.7     1.8     2.2     6.1     5.2     6.4
 -68.250 -66.750     0.5     0.6    -1.6    -2.5    -9.8   -10.6   -10.8   -12.6   -11.3    -5.7    -3.1    -1.0
 -68.250 -67.250    -5.6    -5.3    -7.8    -8.8   -15.6   -15.6   -16.2   -18.2   -16.8   -11.2    -9.5    -7.0
 -68.250 -69.750    -1.3    -1.4    -4.0    -5.7   -13.5   -12.8   -14.7   -16.0   -14.4    -8.4    -5.7    -1.9
 -68.250 -71.250    -1.7    -3.1    -7.6   -10.0   -17.6   -16.2   -17.5   -18.3   -16.5   -10.3    -6.6    -2.0
 -68.250 -71.750    -3.1    -5.0   -10.2   -13.0   -20.6   -18.9   -20.0   -20.5   -18.7   -12.3    -8.2    -3.2
 -68.250 -73.250   -10.2   -13.4   -19.7   -23.9   -32.0   -29.4   -29.6   -29.3   -27.7   -20.8   -15.7    -9.9
 -68.250 -73.750   -14.8   -18.2   -24.5   -29.1   -37.3   -34.6   -34.6   -34.1   -32.7   -25.7   -20.3   -14.4
 -68.250 -74.250   -18.6   -22.2   -28.3   -33.4   -41.9   -39.2   -38.7   -38.1   -36.8   -29.7   -24.0   -18.1
 -68.250 -74.750   -19.5   -23.4   -29.4   -34.9   -43.7   -40.9   -40.1   -39.0   -38.0   -30.8   -24.9   -19.0
 -68.250 -75.250   -17.3   -21.4   -27.1   -32.9   -42.0   -39.2   -38.3   -36.7   -35.8   -28.6   -22.8   -17.0
 -68.250 -75.750   -16.2   -20.4   -25.8   -31.8   -41.0   -38.6   -37.5   -35.3   -34.5   -27.5   -21.8   -16.1
 -68.250 -78.750    -9.2   -13.1   -17.6   -24.2   -32.6   -31.9   -30.3   -27.6   -27.2   -21.1   -15.2   -10.1
 -68.250 -81.250    -7.4   -10.6   -16.6   -22.7   -30.7   -30.6   -28.7   -26.3   -27.3   -21.2   -14.3    -8.7
 -68.250 -81.750    -8.4   -11.6   -18.1   -24.0   -32.0   -31.9   -29.9   -27.6   -28.9   -22.7   -15.4    -9.8
 -68.250 -82.250    -8.6   -11.8   -18.7   -24.6   -32.4   -32.4   -30.3   -28.2   -29.8   -23.4   -15.9   -10.1
 -68.250 -82.750    -9.2   -12.6   -20.1   -25.8   -33.4   -33.6   -31.3   -29.5   -31.3   -24.8   -16.8   -10.9
 -68.250 -83.250   -10.5   -14.2   -22.3   -27.9   -35.3   -35.5   -33.3   -31.4   -33.7   -26.9   -18.5   -12.2
 -68.250 -83.750   -12.6   -16.7   -25.6   -31.1   -38.2   -38.5   -36.1   -34.5   -37.0   -30.1   -21.1   -14.5
 -68.250 -84.250   -11.6   -16.4   -26.1   -31.5   -38.2   -38.6   -36.2   -34.6   -37.5   -30.3   -20.7   -13.6
 -68.250 -84.750   -14.7   -20.2   -30.9   -36.2   -42.5   -43.0   -40.5   -39.0   -42.2   -34.7   -24.4   -16.7
 -68.250 -85.250   -16.7   -23.0   -34.6   -39.8   -45.6   -46.3   -43.6   -42.3   -45.8   -37.9   -27.1   -18.9
 -68.250 -85.750   -17.7   -24.7   -37.2   -42.3   -47.8   -48.5   -45.8   -44.5   -48.3   -40.1   -28.7   -19.9
 -68.250 -86.250   -19.4   -27.2   -40.5   -45.5   -50.4   -51.4   -48.6   -47.4   -51.4   -43.0   -30.9   -21.9
 -68.250 -86.750   -22.3   -30.6   -44.5   -49.4   -54.0   -55.2   -52.3   -51.1   -55.3   -46.6   -34.3   -24.9
 -68.250 -87.250   -23.8   -32.6   -47.2   -52.0   -56.4   -57.7   -54.8   -53.6   -58.0   -49.1   -36.3   -26.5
 -68.250 -87.750   -24.6   -33.8   -48.6   -53.5   -57.8   -59.2   -56.1   -55.0   -59.6   -50.4   -37.3   -27.5
 -68.250 -88.250   -25.2   -34.6   -49.6   -54.5   -58.7   -60.2   -57.1   -56.1   -60.6   -51.3   -38.0   -28.1
 -68.250 -88.750   -25.4   -34.9   -50.3   -55.2   -59.4   -61.0   -57.7   -56.7   -61.4   -51.9   -38.5   -28.5
 -68.250 -89.250   -25.5   -35.2   -50.8   -55.6   -59.8   -61.4   -58.2   -57.2   -61.9   -52.4   -38.7   -28.7
 -68.250 -89.750   -25.9   -35.8   -51.6   -56.5   -60.6   -62.3   -59.0   -57.9   -62.7   -53.1   -39.2   -29.1
 -67.750  82.750   -38.7   -31.2   -37.5   -27.8   -11.2    -2.6     1.4     1.5   -10.4   -24.0   -30.4   -29.9
 -67.750  82.250   -43.0   -35.7   -40.2   -30.5   -13.4    -5.4    -1.6    -1.3   -13.5   -28.0   -35.0   -34.0
 -67.750  81.750   -43.2   -36.7   -38.2   -29.1   -11.5    -4.0    -0.7    -0.2   -12.2   -27.5   -35.8   -34.1
 -67.750  81.250   -43.9   -37.3   -39.4   -30.2   -12.8    -5.4    -1.9    -1.5   -13.3   -28.7   -37.0   -35.2
 -67.750  78.750   -27.7   -22.1   -31.0   -21.1    -6.9    -1.4     1.9     1.9    -5.6   -18.0   -23.7   -23.7
 -67.750  78.250   -29.9   -25.5   -34.5   -24.8   -11.5    -6.9    -3.6    -3.3    -9.9   -22.1   -27.6   -27.2
 -67.750  77.750   -26.7   -23.3   -32.2   -22.8   -10.3    -6.2    -2.9    -2.4    -8.4   -20.6   -25.8   -24.6
 -67.750  77.250   -21.7   -18.8   -28.0   -18.6    -6.2    -2.5     0.8     1.5    -4.3   -17.0   -22.7   -21.2
 -67.750  76.750   -20.5   -17.6   -27.5   -17.9    -5.3    -1.9     1.2     2.1    -3.4   -16.8   -23.2   -21.7
 -67.750  76.250   -23.3   -21.0   -31.0   -21.1    -7.2    -3.7    -0.6     0.3    -6.1   -20.3   -26.4   -25.5
 -67.750  69.250   -19.0   -14.8   -24.2   -10.1    -3.7    -0.9     2.6     1.3    -0.9    -9.8   -14.2   -16.2
 -67.750  68.250   -25.4   -20.6   -27.6   -16.7    -7.8    -3.4     3.3     0.8    -3.3   -13.6   -21.0   -24.3
 -67.750  67.750   -27.7   -22.9   -29.4   -17.9    -8.4    -4.4     2.1     0.1    -3.9   -14.7   -22.4   -26.5
 -67.750  67.250   -29.1   -24.5   -28.5   -16.5    -5.8    -2.8     3.5     2.2    -1.4   -13.4   -22.1   -27.3
 -67.750  66.750   -29.4   -25.2   -27.2   -14.4    -3.0    -1.1     5.1     4.1     0.8   -12.5   -21.7   -27.6
 -67.750  65.250   -24.8   -18.5   -24.3   -12.5    -3.5    -0.4     6.3     4.3     1.5   -11.0   -16.0   -24.4
 -67.750  64.750   -26.0   -19.5   -26.0   -14.2    -5.7    -1.8     4.9     2.6    -0.3   -13.0   -17.1   -26.3
 -67.750  64.250   -27.8   -21.7   -28.0   -15.7    -6.5    -1.9     5.0     2.3    -0.9   -14.0   -18.4   -28.6
 -67.750  63.750   -27.1   -21.3   -27.5   -14.4    -5.0     0.1     7.1     4.3     0.9   -12.2   -17.9   -27.8
 -67.750  62.750   -27.2   -22.1   -27.0   -15.0    -6.8    -1.9     4.9     2.7    -0.9   -12.6   -19.7   -28.2
 -67.750  62.250   -19.0   -14.4   -19.2    -8.4    -2.2     0.8     6.8     5.6     2.5    -7.2   -13.3   -20.2
 -67.750  58.250   -20.6   -18.7   -20.1    -4.5     0.8     3.5     9.8    11.4     5.5    -4.3   -13.9   -18.0
 -67.750  57.750   -22.9   -21.1   -22.2    -6.4    -0.3     2.8     9.5    10.7     4.5    -5.5   -15.5   -20.1
 -67.750  57.250   -23.7   -21.8   -22.4    -6.6    -0.1     3.0     9.7    11.0     4.6    -5.3   -15.6   -20.5
 -67.750  56.750   -24.0   -22.2   -21.7    -6.0     0.7     3.8    10.6    11.6     5.2    -4.6   -15.4   -20.0
 -67.750  56.250   -23.3   -21.7   -20.4    -4.9     1.9     4.6    11.5    12.2     5.3    -4.0   -15.1   -19.1
 -67.750  55.750   -23.5   -22.0   -20.0    -4.9     1.8     4.4    11.2    11.7     4.4    -4.5   -15.9   -19.1
 -67.750  55.250   -22.4   -21.1   -18.8    -3.7     3.0     5.3    12.0    12.4     4.8    -3.8   -15.4   -18.1
 -67.750  54.750   -22.5   -21.1   -18.7    -3.7     3.1     5.4    12.1    12.4     4.7    -3.9   -15.6   -18.2
 -67.750  54.250   -22.6   -21.2   -18.6    -3.8     3.1     5.3    11.8    12.0     4.5    -3.8   -15.7   -18.2
 -67.750  53.750   -21.9   -20.4   -17.5    -2.9     3.8     5.8    12.2    12.0     4.6    -3.2   -15.1   -17.7
 -67.750  53.250   -21.4   -19.6   -16.3    -1.8     4.7     6.6    12.5    12.2     4.5    -2.6   -14.7   -17.1
 -67.750  52.750   -21.1   -18.9   -15.5    -1.3     5.1     6.9    12.4    12.3     4.1    -2.4   -14.6   -16.6
 -67.750  52.250   -20.0   -17.5   -14.2    -1.2     5.8     7.8    12.9    12.7     4.6    -1.9   -13.4   -15.8
 -67.750  51.750   -20.9   -18.2   -15.0    -2.8     4.5     6.8    11.8    11.3     3.5    -3.0   -14.0   -17.2
 -67.750  51.250   -19.5   -16.9   -13.7    -2.3     5.0     7.5    12.6    11.6     4.9    -1.2   -11.4   -15.8
 -67.750  50.750   -16.9   -14.7   -11.2    -1.1     5.7     8.6    13.5    12.6     6.8     1.2    -8.2   -12.9
 -67.750  50.250   -18.2   -16.2   -12.3    -2.8     3.9     6.7    11.2    10.5     5.0    -0.4    -9.5   -14.0
 -67.750  49.750   -14.9   -13.0    -9.0     0.2     6.8     9.3    13.6    13.0     7.6     2.2    -6.2   -10.5
 -67.750  48.750   -11.0   -11.3    -5.5     3.7     9.4    12.1    15.9    15.0     9.2     3.7    -3.7    -7.9
 -67.750  48.250   -12.3   -13.1    -8.2     2.8     9.3    11.5    15.9    14.8     8.9     3.6    -4.9    -9.9
 -67.750  47.750   -13.1   -12.8    -7.4     3.1     9.4    11.5    15.6    14.4     7.9     3.3    -5.4   -11.0
 -67.750  47.250   -12.2   -11.7    -5.8     4.8    10.2    12.6    16.1    15.1     9.2     4.3    -4.4    -9.6
 -67.750  46.750   -11.5   -11.5    -4.7     5.8    10.8    13.0    16.5    15.8     9.8     5.0    -3.5    -9.1
 -67.750  46.250    -9.2    -9.1    -3.2     6.5    11.7    14.6    17.7    17.0    11.3     6.0    -2.1    -7.6
 -67.750  45.750    -8.6    -9.2    -3.3     6.1    11.2    14.3    17.3    16.6    11.2     6.1    -1.9    -7.0
 -67.750  45.250    -7.4    -8.5    -2.8     6.2    10.7    14.8    17.6    16.8    11.8     7.0    -0.2    -5.6
 -67.750  44.750    -5.8    -7.2    -1.3     6.2    10.4    15.0    17.4    17.0    12.9     7.8     1.0    -3.9
 -67.750  10.250    24.1    24.2    25.1    26.9    25.2    24.2    24.1    24.0    23.8    24.1    24.0    23.7
 -67.750   9.750    24.8    25.0    25.8    27.4    25.9    24.8    24.5    24.8    24.4    24.8    24.7    24.4
 -67.750   9.250    28.1    28.5    29.2    30.3    28.4    27.3    26.9    27.1    26.8    27.4    27.8    27.7
 -67.750   8.750    28.3    28.9    29.5    30.5    28.1    26.9    26.6    26.9    26.6    27.4    27.9    27.8
 -67.750   8.250    26.8    27.5    28.3    29.8    27.1    26.0    26.0    26.4    26.1    26.9    27.0    26.5
 -67.750   7.750    26.2    26.8    27.7    29.3    26.5    25.5    25.4    26.1    25.7    26.4    26.6    26.2
 -67.750   7.250    26.7    27.3    28.0    29.3    26.8    25.8    25.5    26.3    25.7    26.6    27.0    26.7
 -67.750   6.750    27.1    27.6    28.1    28.7    26.4    25.8    25.4    26.2    25.4    26.6    27.1    27.1
 -67.750   6.250    27.7    28.2    28.6    28.4    26.4    25.9    25.5    26.3    25.6    26.8    27.4    27.7
 -67.750   5.750    28.2    28.8    29.2    28.6    26.6    26.2    25.6    26.6    26.0    27.0    27.6    28.1
 -67.750   5.250    28.5    29.2    29.6    28.7    26.8    26.3    25.7    26.7    26.4    27.1    27.7    28.1
 -67.750   4.750    27.7    28.3    28.9    27.8    26.0    25.5    24.9    25.8    25.7    26.2    26.8    27.2
 -67.750   4.250    27.6    28.5    28.8    27.6    26.0    25.5    24.9    25.8    25.9    26.2    26.9    27.1
 -67.750   3.750    27.0    27.7    28.1    26.8    25.5    25.1    24.5    25.5    25.7    25.9    26.4    26.5
 -67.750   3.250    27.2    27.6    28.0    26.9    25.8    25.5    24.9    26.1    26.3    26.4    26.8    26.7
 -67.750   2.750    27.4    27.8    28.1    27.1    26.3    26.0    25.5    26.6    27.0    26.9    27.3    27.0
 -67.750   2.250    26.6    26.8    27.1    26.2    25.5    25.3    24.8    25.9    26.3    26.2    26.6    26.2
 -67.750   1.750    26.4    26.6    26.8    26.2    25.2    25.3    24.6    25.8    26.1    26.1    26.5    25.9
 -67.750   1.250    26.7    26.7    26.8    26.8    25.4    25.7    25.0    26.0    26.3    26.4    26.7    26.2
 -67.750   0.750    26.3    26.3    26.2    26.8    24.9    25.4    24.8    25.6    25.8    26.2    26.5    25.8
 -67.750   0.250    26.3    26.1    26.0    27.1    24.7    25.5    24.9    25.5    25.6    26.3    26.6    25.8
 -67.750  -0.250    26.2    26.0    25.9    27.4    24.8    25.6    25.2    25.5    25.5    26.5    26.7    25.9
 -67.750  -0.750    25.8    25.5    25.5    27.1    24.5    25.3    25.1    25.0    25.0    26.2    26.3    25.4
 -67.750  -1.250    26.0    25.8    25.8    27.4    24.9    25.7    25.5    25.4    25.4    26.6    26.6    25.8
 -67.750  -1.750    26.3    26.2    26.2    27.7    25.6    26.3    26.0    25.9    25.9    27.0    26.9    26.2
 -67.750  -2.250    26.3    26.0    26.1    27.7    26.0    26.5    26.2    26.2    26.0    27.0    26.9    26.1
 -67.750  -2.750    26.2    26.0    26.2    27.6    26.2    26.5    26.2    26.3    26.1    26.8    26.7    26.1
 -67.750  -3.250    26.0    25.9    25.9    27.4    26.2    26.4    26.2    26.2    26.0    26.7    26.5    25.8
 -67.750  -3.750    26.1    26.0    26.1    27.4    26.5    26.6    26.2    26.4    26.1    26.8    26.6    26.0
 -67.750  -4.250    26.0    25.9    26.0    27.3    26.6    26.6    26.1    26.3    26.0    26.7    26.4    25.8
 -67.750  -4.750    25.9    25.7    25.9    27.1    26.6    26.4    26.0    26.2    25.9    26.5    26.3    25.8
 -67.750  -5.250    25.7    25.6    25.7    27.0    26.4    26.3    25.8    26.0    25.8    26.3    26.1    25.6
 -67.750  -5.750    25.6    25.5    25.6    26.8    26.2    26.1    25.4    25.7    25.5    26.0    25.9    25.5
 -67.750  -6.250    25.5    25.2    25.3    26.4    25.8    25.6    24.6    25.1    25.1    25.7    25.7    25.4
 -67.750  -6.750    25.4    25.1    25.3    26.0    25.5    25.2    23.9    24.6    25.0    25.6    25.8    25.6
 -67.750  -7.250    25.5    24.9    25.1    25.7    25.3    24.9    23.2    24.1    24.6    25.4    25.8    25.7
 -67.750  -7.750    25.6    24.7    25.2    25.5    25.2    24.8    23.1    24.2    24.6    25.3    25.7    25.7
 -67.750  -8.250    25.6    24.7    25.3    25.4    25.3    25.0    23.2    24.2    24.6    25.3    25.8    25.9
 -67.750  -8.750    25.4    24.4    25.2    25.2    25.2    25.0    23.1    24.1    24.4    25.1    25.6    25.9
 -67.750  -9.250    25.1    24.0    24.9    24.7    24.9    24.9    22.7    23.8    24.1    24.8    25.3    25.6
 -67.750  -9.750    24.9    23.7    25.0    24.5    24.8    25.0    22.6    23.8    23.9    24.8    25.3    25.4
 -67.750 -10.250    25.5    24.3    25.3    25.2    25.5    26.2    23.6    24.8    24.8    25.7    25.9    26.0
 -67.750 -10.750    26.2    25.2    25.7    25.9    25.8    26.0    24.3    25.3    25.5    26.1    26.4    26.8
 -67.750 -11.250    26.6    25.6    25.7    26.4    25.8    25.5    24.5    25.5    26.0    26.5    26.6    27.1
 -67.750 -11.750    26.5    25.4    25.4    26.2    25.4    24.6    24.1    25.1    25.8    26.2    26.3    26.9
 -67.750 -12.250    26.5    25.3    25.3    26.3    25.2    24.3    23.9    24.9    25.8    26.0    26.5    26.8
 -67.750 -12.750    26.8    25.6    25.8    26.8    25.6    25.2    24.2    25.2    26.0    26.3    27.0    27.1
 -67.750 -13.250    28.1    27.0    27.2    28.3    26.5    26.6    25.5    26.7    26.8    27.9    28.3    28.7
 -67.750 -13.750    28.8    27.8    28.3    29.2    27.3    27.5    26.1    27.6    27.3    29.0    29.4    29.9
 -67.750 -14.250    27.4    26.9    27.2    27.9    26.2    26.5    24.9    26.5    25.9    27.9    28.4    29.0
 -67.750 -14.750    27.2    26.6    26.9    27.4    25.9    26.3    24.4    26.3    25.7    27.6    28.1    28.5
 -67.750 -15.250    28.9    28.0    28.0    28.5    27.1    27.4    25.5    27.6    27.2    28.9    29.5    29.2
 -67.750 -15.750    26.6    25.4    24.9    25.1    24.1    24.2    22.1    24.8    24.8    26.2    26.7    25.4
 -67.750 -16.250    22.5    20.9    21.0    21.0    20.0    20.0    18.2    20.2    20.8    22.5    22.8    21.3
 -67.750 -16.750    17.4    16.0    16.0    15.7    14.6    14.3    12.3    14.6    15.4    17.0    17.4    15.8
 -67.750 -17.250     7.1     5.9     6.1     4.4     2.8     1.6    -0.1     2.9     4.4     5.2     6.0     5.0
 -67.750 -17.750    10.5     9.5    10.3     8.0     7.1     5.2     3.6     6.4     7.7     8.5     9.6     8.7
 -67.750 -18.250    11.5    10.6    10.7     9.3     7.5     6.0     4.5     7.1     8.7     9.8    11.0    10.0
 -67.750 -18.750    11.7    11.4    10.6     9.3     6.6     6.2     4.7     7.0     8.5     9.8    10.9    10.5
 -67.750 -19.250    11.7    11.7    10.6     9.1     6.1     5.9     4.5     6.4     8.1     9.3    10.5    10.8
 -67.750 -19.750    11.3    10.9    10.2     8.9     6.1     3.9     2.7     4.1     6.8     8.1     9.7    10.7
 -67.750 -20.250    12.8    11.7    11.4    10.2     7.6     3.9     2.9     4.5     7.6     9.0    11.0    12.4
 -67.750 -20.750     8.2     7.0     6.7     5.3     2.8    -0.4    -1.7     0.5     3.1     4.9     6.6     8.0
 -67.750 -21.250     9.0     7.6     7.1     5.7     3.0     0.8    -0.6     2.5     4.3     6.3     7.6     8.8
 -67.750 -21.750     5.7     4.1     3.6     2.1    -0.5    -2.5    -4.0     0.1     1.0     3.1     4.4     5.5
 -67.750 -22.250     6.2     4.7     4.0     2.6     0.2    -1.9    -3.1     1.6     1.7     3.9     5.2     6.2
 -67.750 -22.750     2.1     0.5    -0.3    -1.6    -3.6    -6.0    -6.8    -1.9    -2.4    -0.1     1.1     2.1
 -67.750 -23.250     4.9     3.4     2.5     1.3    -0.6    -3.0    -3.6     1.4     0.4     2.9     4.0     5.1
 -67.750 -23.750     3.2     1.8     0.8    -0.4    -2.3    -4.7    -5.2    -0.6    -1.4     1.2     2.3     3.5
 -67.750 -24.250     4.1     3.0     1.7     0.5    -1.8    -4.2    -4.4    -1.6    -1.0     1.7     3.2     4.3
 -67.750 -24.750     9.3     8.7     7.4     6.4     3.9     1.7     1.6     3.2     4.6     7.0     8.5     9.5
 -67.750 -25.250     7.1     6.7     5.4     4.5     2.1    -0.3    -0.3     0.9     2.3     4.6     6.2     7.4
 -67.750 -25.750    14.3    14.0    12.5    11.8     9.3     6.7     6.8     7.5     9.1    11.4    13.0    14.8
 -67.750 -26.250     9.3     8.6     6.8     5.7     2.8    -0.1    -0.1     0.8     2.8     5.7     7.4     9.8
 -67.750 -26.750    10.1     8.9     6.5     4.6     0.9    -2.3    -2.2    -1.0     1.9     5.5     7.4    10.6
 -67.750 -27.250    22.6    21.1    18.4    15.9    11.6     8.4     8.4     9.8    13.3    17.6    19.6    23.1
 -67.750 -27.750    22.1    20.6    17.6    14.9    10.5     7.1     7.1     8.6    12.1    16.9    18.9    22.6
 -67.750 -28.250    20.1    18.3    15.3    12.8     8.6     5.1     5.3     6.6     9.9    14.6    16.8    20.4
 -67.750 -28.750    18.7    16.3    13.3    11.2     7.4     3.8     4.3     5.6     8.1    12.5    15.1    18.8
 -67.750 -29.250    15.1    12.5     9.2     7.0     3.0    -0.8    -0.1     1.3     3.9     8.4    11.2    15.0
 -67.750 -29.750    22.7    19.9    16.7    14.4    10.5     7.1     7.4     8.6    10.8    15.6    18.9    22.5
 -67.750 -30.250    24.5    22.0    18.6    16.2    12.2     8.8     9.0    10.0    12.1    17.2    20.8    24.3
 -67.750 -30.750    23.8    21.5    18.0    15.3    11.0     7.5     7.7     8.9    10.8    16.4    19.9    23.7
 -67.750 -31.250    26.7    24.6    20.9    17.9    13.6     9.9    10.0    11.4    13.6    19.2    22.5    26.6
 -67.750 -31.750    27.6    25.8    22.1    18.9    14.7    11.0    11.2    12.6    14.8    20.3    23.5    27.7
 -67.750 -32.250    27.7    26.0    22.2    19.0    15.0    11.7    11.8    12.9    15.1    20.6    23.6    28.1
 -67.750 -32.750    26.5    24.9    21.0    17.9    13.8    10.6    10.9    12.1    14.5    19.8    22.7    27.0
 -67.750 -33.250    25.6    24.1    20.2    17.0    12.6     9.2    10.0    11.0    13.8    19.1    21.7    26.0
 -67.750 -33.750    25.3    24.1    20.1    16.7    12.5     9.0    10.0    10.8    13.6    18.8    21.2    25.6
 -67.750 -34.250    24.6    23.6    19.4    16.2    12.4     8.9     9.9    10.5    13.1    17.9    20.4    25.2
 -67.750 -34.750    24.1    23.2    18.8    15.3    11.7     8.3     9.4     9.9    12.6    17.7    20.0    24.9
 -67.750 -35.250    24.5    23.6    19.1    15.5    12.0     8.6     9.6    10.2    13.0    18.2    20.4    25.3
 -67.750 -35.750    23.8    22.7    18.5    14.8    11.2     7.5     8.5     9.3    11.9    17.0    19.1    24.0
 -67.750 -36.250    23.2    22.2    18.0    14.2    10.4     6.5     7.6     8.5    11.1    16.2    18.1    23.1
 -67.750 -36.750    23.5    22.3    18.1    14.3    10.1     5.9     7.1     8.0    10.8    15.8    17.7    22.6
 -67.750 -37.250    23.2    21.8    17.7    13.8     9.4     5.5     6.6     7.4    10.7    15.6    17.3    22.0
 -67.750 -37.750    23.2    21.5    17.4    13.5     9.0     5.5     6.6     7.0    10.7    15.8    17.4    21.5
 -67.750 -38.250    23.2    21.4    17.2    13.3     8.6     5.3     6.4     6.6    10.6    15.8    17.3    21.2
 -67.750 -38.750    22.8    20.9    16.8    13.1     8.2     4.8     6.2     6.3    10.3    15.4    16.9    20.7
 -67.750 -39.250    23.1    21.4    17.2    13.6     8.7     5.6     6.8     6.9    10.9    15.9    17.7    21.4
 -67.750 -39.750    22.1    20.5    16.3    12.5     8.1     5.2     6.3     6.5    10.0    15.0    17.2    21.0
 -67.750 -40.250    20.0    18.8    14.7    10.7     6.6     4.1     5.1     5.3     8.2    13.0    15.5    19.5
 -67.750 -40.750    18.2    17.1    13.2     9.1     5.6     3.3     4.3     4.4     6.5    11.1    13.8    17.8
 -67.750 -41.250    15.0    14.2    10.3     6.3     2.9     0.8     1.7     1.7     3.7     8.1    11.0    15.0
 -67.750 -41.750    16.1    15.4    11.5     7.3     3.9     2.0     2.7     2.8     4.9     9.2    12.1    16.1
 -67.750 -42.250    16.1    15.2    11.6     7.5     4.1     2.1     2.6     2.6     5.2     9.2    12.0    16.0
 -67.750 -42.750    15.6    14.8    11.5     7.7     4.2     2.0     2.5     2.6     5.5     9.0    11.4    15.5
 -67.750 -43.250    18.8    17.7    14.9    11.0     7.4     5.2     5.7     5.8     9.0    12.2    14.4    18.5
 -67.750 -43.750    18.5    17.5    14.7    10.8     7.3     5.0     5.5     5.6     8.9    12.0    14.1    18.2
 -67.750 -44.250    17.4    16.4    13.5     9.6     6.1     4.0     4.5     4.6     7.7    10.7    13.0    17.0
 -67.750 -44.750    17.8    17.0    13.8    10.2     7.0     5.0     5.7     5.7     8.2    11.3    13.6    17.1
 -67.750 -45.250    17.8    17.1    13.6    10.2     7.2     5.2     5.9     6.1     8.2    11.2    13.7    16.8
 -67.750 -45.750    17.5    16.7    13.1     9.6     6.7     4.9     5.7     5.9     7.7    10.3    13.3    16.2
 -67.750 -46.250    19.1    18.2    14.6    10.9     7.8     5.9     6.8     7.0     9.0    11.9    14.7    17.8
 -67.750 -46.750    17.4    16.5    13.2     9.4     6.0     4.1     5.0     5.2     7.3    10.5    13.2    16.2
 -67.750 -47.250    16.9    15.8    12.8     9.2     5.4     3.6     4.6     4.8     6.9    10.0    12.6    15.7
 -67.750 -47.750    16.8    15.8    13.1     9.7     5.9     4.4     5.4     5.5     7.5    10.3    12.7    15.9
 -67.750 -48.250    15.2    14.2    11.8     8.9     5.2     4.1     4.9     4.8     6.8     9.2    11.2    14.6
 -67.750 -48.750    15.1    13.8    11.4     8.9     5.0     3.9     4.9     4.6     6.9     9.3    11.1    14.7
 -67.750 -49.250    16.6    14.5    12.2     9.1     4.5     3.0     4.4     4.4     7.4    10.3    12.5    16.1
 -67.750 -49.750    16.2    14.6    11.9     8.8     4.2     2.9     3.9     4.1     7.1    10.2    12.1    15.7
 -67.750 -53.750    11.2     9.0     7.3     4.0     0.0     0.6    -0.6     1.8     2.9     6.3     7.4    10.2
 -67.750 -54.250     9.2     7.8     6.4     3.2    -0.3    -0.3    -0.3     1.3     2.3     5.9     6.1     8.3
 -67.750 -54.750     5.9     5.3     4.1     1.0    -1.9    -2.3    -1.2    -0.2     0.4     4.2     3.4     5.0
 -67.750 -66.750     0.4     0.6    -1.8    -2.3   -10.2   -11.5   -11.0   -13.0   -11.7    -5.8    -2.9    -1.3
 -67.750 -67.250    -1.1    -0.8    -3.2    -4.3   -11.4   -11.6   -12.2   -14.0   -12.6    -6.8    -4.9    -2.5
 -67.750 -69.750    -3.4    -3.6    -6.3    -8.0   -15.8   -15.1   -17.0   -18.3   -16.6   -10.6    -7.9    -4.0
 -67.750 -70.250    -2.9    -3.3    -6.4    -8.3   -16.1   -15.2   -16.9   -18.2   -16.4   -10.4    -7.4    -3.3
 -67.750 -73.250   -10.7   -13.9   -20.2   -24.4   -32.4   -29.8   -29.9   -29.8   -28.2   -21.3   -16.2   -10.3
 -67.750 -73.750   -15.4   -18.8   -25.1   -29.8   -37.9   -35.2   -35.1   -34.7   -33.3   -26.3   -20.9   -14.9
 -67.750 -74.250   -19.0   -22.7   -29.0   -34.0   -42.4   -39.7   -39.3   -38.7   -37.4   -30.3   -24.5   -18.7
 -67.750 -74.750   -19.5   -23.4   -29.7   -35.1   -43.7   -40.9   -40.2   -39.2   -38.1   -31.0   -25.1   -19.2
 -67.750 -75.250   -17.0   -20.9   -26.8   -32.6   -41.5   -38.7   -37.9   -36.4   -35.5   -28.4   -22.5   -16.6
 -67.750 -75.750   -15.9   -20.1   -25.5   -31.5   -40.6   -38.2   -37.1   -35.0   -34.3   -27.2   -21.4   -15.7
 -67.750 -78.750    -7.6   -11.5   -16.0   -22.6   -31.0   -30.3   -28.6   -26.0   -25.8   -19.6   -13.5    -8.5
 -67.750 -81.250    -7.0   -10.2   -16.2   -22.4   -30.3   -30.3   -28.3   -25.9   -26.9   -20.8   -13.7    -8.3
 -67.750 -81.750    -8.2   -11.4   -17.9   -23.8   -31.8   -31.7   -29.6   -27.4   -28.8   -22.4   -15.2    -9.6
 -67.750 -82.250    -8.3   -11.6   -18.5   -24.5   -32.3   -32.3   -30.2   -28.1   -29.7   -23.4   -15.7    -9.9
 -67.750 -82.750    -9.0   -12.4   -20.0   -25.7   -33.3   -33.5   -31.2   -29.3   -31.2   -24.8   -16.7   -10.6
 -67.750 -83.250   -10.3   -14.0   -22.1   -27.8   -35.1   -35.4   -33.1   -31.3   -33.5   -26.9   -18.4   -12.1
 -67.750 -83.750   -12.4   -16.5   -25.4   -30.9   -38.0   -38.4   -36.0   -34.4   -36.8   -29.9   -20.9   -14.3
 -67.750 -84.250   -11.3   -16.1   -25.8   -31.2   -38.0   -38.4   -35.8   -34.3   -37.1   -30.0   -20.4   -13.2
 -67.750 -84.750   -14.8   -20.4   -31.0   -36.3   -42.6   -43.2   -40.5   -39.1   -42.3   -34.8   -24.5   -16.8
 -67.750 -85.250   -16.7   -23.0   -34.6   -39.8   -45.6   -46.3   -43.6   -42.3   -45.7   -38.0   -27.1   -18.9
 -67.750 -85.750   -17.8   -24.8   -37.3   -42.4   -47.8   -48.6   -45.9   -44.6   -48.3   -40.2   -28.7   -20.0
 -67.750 -86.250   -19.5   -27.3   -40.6   -45.7   -50.5   -51.5   -48.8   -47.6   -51.5   -43.2   -31.1   -22.0
 -67.750 -86.750   -22.3   -30.7   -44.7   -49.6   -54.2   -55.4   -52.4   -51.3   -55.5   -46.8   -34.4   -25.0
 -67.750 -87.250   -23.8   -32.7   -47.2   -52.0   -56.4   -57.7   -54.8   -53.6   -58.0   -49.1   -36.3   -26.5
 -67.750 -87.750   -24.6   -33.8   -48.6   -53.5   -57.8   -59.2   -56.1   -55.0   -59.6   -50.4   -37.3   -27.5
 -67.750 -88.250   -25.2   -34.6   -49.6   -54.5   -58.7   -60.2   -57.1   -56.0   -60.6   -51.3   -38.0   -28.1
 -67.750 -88.750   -25.4   -34.9   -50.3   -55.2   -59.4   -61.0   -57.7   -56.7   -61.4   -51.9   -38.5   -28.5
 -67.750 -89.250   -25.5   -35.2   -50.8   -55.6   -59.8   -61.4   -58.2   -57.2   -61.9   -52.4   -38.7   -28.7
 -67.750 -89.750   -25.9   -35.8   -51.5   -56.4   -60.6   -62.3   -59.0   -57.9   -62.7   -53.1   -39.2   -29.1
 -67.250  82.250   -43.2   -35.9   -40.4   -30.8   -13.6    -5.6    -1.8    -1.5   -13.7   -28.1   -35.1   -34.2
 -67.250  81.750   -41.6   -35.2   -36.3   -27.3    -9.6    -2.2     1.0     1.6   -10.4   -25.8   -34.2   -32.3
 -67.250  81.250   -43.8   -37.3   -39.3   -30.1   -12.6    -5.3    -1.8    -1.4   -13.3   -28.7   -37.0   -35.1
 -67.250  80.250   -36.1   -29.2   -34.8   -24.7    -8.1    -0.6     3.2     3.0    -7.8   -22.5   -29.6   -28.7
 -67.250  78.750   -28.1   -22.3   -31.4   -21.3    -7.1    -1.7     1.7     1.6    -5.9   -18.2   -23.9   -23.9
 -67.250  78.250   -29.8   -25.4   -34.5   -24.8   -11.6    -7.0    -3.6    -3.4    -9.9   -22.0   -27.5   -27.1
 -67.250  77.750   -25.7   -22.3   -31.3   -21.8    -9.4    -5.3    -2.0    -1.4    -7.5   -19.7   -25.2   -24.0
 -67.250  77.250   -22.5   -19.6   -28.9   -19.5    -7.2    -3.4    -0.2     0.5    -5.2   -17.9   -23.8   -22.3
 -67.250  76.750   -23.1   -20.2   -30.1   -20.5    -7.8    -4.3    -1.2    -0.3    -6.0   -19.4   -25.8   -24.3
 -67.250  76.250   -20.4   -17.9   -27.9   -18.0    -4.4    -0.8     2.3     3.2    -3.3   -17.2   -23.5   -22.5
 -67.250  69.750   -22.1   -18.0   -26.3   -12.9    -4.9     0.1     3.5     2.3    -0.2   -10.9   -17.7   -20.8
 -67.250  69.250   -17.0   -12.7   -22.6    -7.8    -2.5    -0.3     2.8     1.7     0.0    -8.4   -12.0   -13.3
 -67.250  67.750   -28.5   -23.6   -29.9   -18.6    -9.1    -5.1     1.3    -0.6    -4.4   -15.1   -22.9   -27.1
 -67.250  67.250   -31.3   -26.5   -30.8   -18.8    -8.2    -5.0     1.4     0.0    -3.6   -15.5   -24.1   -29.4
 -67.250  66.750   -29.5   -25.2   -27.1   -14.4    -2.9    -1.2     5.0     4.0     0.8   -12.5   -22.0   -27.7
 -67.250  65.250   -22.2   -15.5   -21.6   -10.2    -1.8     1.1     7.6     5.7     3.2    -9.0   -13.8   -21.7
 -67.250  64.750   -24.2   -17.1   -24.3   -13.1    -5.3    -1.8     4.6     2.4    -0.2   -12.3   -16.1   -24.5
 -67.250  64.250   -26.5   -20.0   -26.8   -14.8    -6.2    -2.0     4.8     2.3    -0.8   -13.4   -17.8   -27.2
 -67.250  63.750   -27.9   -22.1   -28.5   -15.6    -6.6    -1.6     5.4     2.7    -0.7   -13.5   -19.1   -28.7
 -67.250  62.750   -26.3   -21.3   -26.6   -14.5    -6.8    -2.1     4.7     2.6    -0.8   -12.3   -19.1   -27.3
 -67.250  62.250   -18.7   -14.1   -19.3    -8.6    -3.0    -0.4     5.4     4.5     1.6    -7.8   -13.3   -20.0
 -67.250  58.250   -18.4   -16.5   -18.3    -3.6     0.6     2.7     8.5    10.4     5.1    -4.2   -13.1   -16.5
 -67.250  57.750   -21.9   -20.1   -21.3    -5.8    -0.1     2.6     9.1    10.5     4.5    -5.2   -14.9   -19.2
 -67.250  57.250   -23.1   -21.4   -21.7    -6.0     0.4     3.5    10.2    11.5     5.0    -4.8   -15.1   -19.8
 -67.250  56.750   -24.1   -22.3   -21.8    -6.0     0.7     3.5    10.5    11.5     4.7    -4.8   -15.7   -20.0
 -67.250  56.250   -23.2   -21.4   -20.1    -4.7     2.0     4.7    11.5    12.2     5.2    -4.0   -15.1   -18.6
 -67.250  55.750   -22.7   -21.2   -19.2    -4.2     2.6     5.0    11.9    12.3     4.9    -3.9   -15.3   -18.1
 -67.250  55.250   -22.5   -21.2   -18.8    -4.0     2.8     5.1    11.9    12.3     4.6    -4.0   -15.5   -18.2
 -67.250  54.750   -22.9   -21.6   -19.2    -4.1     2.7     4.9    11.6    12.1     4.3    -4.3   -16.0   -18.6
 -67.250  54.250   -22.5   -21.2   -18.6    -3.9     2.9     5.2    11.9    12.0     4.4    -3.9   -15.7   -18.3
 -67.250  53.750   -22.0   -20.4   -17.5    -3.1     3.8     5.7    12.3    12.0     4.6    -3.2   -15.1   -17.7
 -67.250  53.250   -21.4   -19.7   -16.3    -1.8     4.8     6.6    12.8    12.0     4.6    -2.6   -14.5   -17.0
 -67.250  52.750   -21.9   -19.6   -16.2    -1.6     4.5     6.0    11.6    11.7     3.2    -3.0   -15.5   -17.0
 -67.250  52.250   -20.8   -18.4   -15.0    -1.4     5.5     7.2    12.5    12.4     4.3    -2.2   -14.0   -16.6
 -67.250  51.750   -22.0   -19.4   -16.2    -3.3     3.8     5.8    11.1    10.5     2.9    -3.7   -14.8   -18.2
 -67.250  51.250   -19.4   -17.0   -14.0    -2.3     4.8     7.2    12.3    11.4     4.9    -1.3   -11.6   -15.9
 -67.250  50.750   -17.9   -15.9   -12.7    -2.2     4.3     7.1    12.1    11.3     5.4     0.0    -9.5   -14.0
 -67.250  50.250   -16.7   -14.7   -11.0    -1.2     5.4     8.2    13.0    12.2     6.6     1.2    -8.0   -12.6
 -67.250  49.750   -15.5   -13.4    -9.3    -0.4     6.0     9.1    13.4    12.9     7.3     2.1    -6.5   -11.4
 -67.250  48.750   -13.2   -13.4    -7.5     2.4     8.6    10.3    14.6    13.6     7.5     2.3    -5.6   -10.2
 -67.250  48.250   -12.5   -11.8    -6.4     3.3     9.8    11.9    16.2    15.1     8.4     3.3    -4.9    -9.7
 -67.250  47.750   -13.1   -12.9    -7.6     2.5     9.7    11.5    15.6    14.5     8.2     3.2    -5.1   -10.6
 -67.250  47.250   -12.3   -12.2    -6.8     4.4     9.6    11.6    15.5    14.4     8.3     3.6    -4.9   -10.6
 -67.250  46.750   -13.1   -11.5    -7.1     3.8     8.7    12.2    15.4    14.4     8.0     3.6    -5.6   -10.7
 -67.250  46.250   -10.1   -10.5    -4.9     4.8     9.8    12.9    15.9    15.3     9.6     4.7    -3.3    -8.6
 -67.250  45.750    -8.3    -9.6    -4.0     5.1    10.3    13.9    16.7    16.1    10.8     6.2    -1.7    -7.1
 -67.250  45.250    -7.0    -7.2    -2.2     5.7     9.7    14.5    17.0    16.7    11.5     6.3    -0.1    -4.7
 -67.250  44.750    -4.1    -6.1    -0.9     6.0     9.3    13.4    16.0    15.8    12.3     7.8     1.7    -2.7
 -67.250  10.250    22.4    22.5    23.2    25.1    24.3    23.7    23.8    23.9    23.4    23.4    23.0    22.4
 -67.250   9.750    25.2    25.5    26.4    28.2    26.9    26.0    25.7    26.0    25.5    25.8    25.6    25.0
 -67.250   9.250    27.7    28.2    28.8    30.0    28.2    27.1    26.7    27.1    26.7    27.1    27.4    27.3
 -67.250   8.750    28.7    29.2    29.8    30.8    28.4    27.2    26.9    27.2    26.9    27.5    28.1    28.1
 -67.250   8.250    27.1    27.9    28.7    30.0    27.4    26.3    26.1    26.6    26.2    26.8    27.1    26.8
 -67.250   7.750    26.9    27.7    28.5    30.0    27.2    26.1    26.0    26.6    26.1    26.9    27.1    26.8
 -67.250   7.250    27.0    27.6    28.3    29.6    27.0    26.1    25.8    26.5    25.9    26.9    27.2    27.0
 -67.250   6.750    27.1    27.7    28.1    29.0    26.6    25.8    25.5    26.3    25.6    26.7    27.1    27.1
 -67.250   6.250    26.7    27.2    27.5    27.7    25.5    25.0    24.5    25.4    24.6    25.7    26.3    26.6
 -67.250   5.750    23.2    23.8    24.0    23.9    21.7    21.3    20.6    21.6    21.0    22.0    22.6    23.1
 -67.250   5.250    17.6    18.3    18.6    18.1    16.1    15.6    14.8    15.9    15.5    16.2    16.9    17.4
 -67.250   4.750    21.2    21.9    22.3    21.5    19.6    19.1    18.4    19.5    19.3    19.8    20.5    20.9
 -67.250   4.250    24.0    24.8    25.2    24.1    22.4    22.0    21.3    22.4    22.4    22.7    23.3    23.6
 -67.250   3.750    27.9    28.7    29.1    28.0    26.5    26.3    25.6    26.7    26.9    27.0    27.6    27.7
 -67.250   3.250    27.6    28.2    28.5    27.4    26.3    26.1    25.4    26.6    26.9    26.9    27.4    27.2
 -67.250   2.750    26.9    27.2    27.6    26.7    25.8    25.6    25.0    26.1    26.5    26.4    26.8    26.5
 -67.250   2.250    26.9    27.3    27.7    26.7    25.9    25.9    25.3    26.5    26.9    26.7    27.1    26.6
 -67.250   1.750    27.4    27.6    28.0    27.2    26.3    26.4    25.7    26.9    27.3    27.2    27.6    27.0
 -67.250   1.250    26.9    27.0    27.2    27.2    25.7    26.0    25.3    26.3    26.7    26.7    27.0    26.5
 -67.250   0.750    26.5    26.5    26.4    27.0    25.0    25.5    25.0    25.8    26.0    26.4    26.6    26.1
 -67.250   0.250    26.3    26.1    26.0    27.0    24.6    25.5    25.0    25.5    25.6    26.3    26.6    25.9
 -67.250  -0.250    25.9    25.7    25.7    26.9    24.3    25.2    24.8    25.1    25.1    26.3    26.2    25.6
 -67.250  -0.750    25.7    25.6    25.6    27.0    24.3    25.3    25.1    25.1    25.1    26.3    26.2    25.5
 -67.250  -1.250    26.0    26.0    25.9    27.4    25.0    25.9    25.6    25.6    25.5    26.8    26.6    25.9
 -67.250  -1.750    25.8    25.9    25.9    27.2    25.2    26.1    25.7    25.8    25.7    26.8    26.5    25.9
 -67.250  -2.250    25.8    25.8    25.8    27.2    25.6    26.3    25.9    25.9    25.8    26.7    26.5    25.8
 -67.250  -2.750    25.7    25.8    25.8    27.1    25.8    26.4    25.9    26.0    25.9    26.7    26.4    25.8
 -67.250  -3.250    25.7    25.9    25.8    27.1    26.1    26.5    26.0    26.2    26.0    26.7    26.4    25.8
 -67.250  -3.750    25.7    25.7    25.8    27.0    26.2    26.5    25.9    26.1    25.9    26.6    26.2    25.7
 -67.250  -4.250    25.8    25.8    25.9    27.1    26.4    26.5    26.1    26.3    26.0    26.8    26.3    25.8
 -67.250  -4.750    25.8    25.9    25.9    27.0    26.5    26.6    26.0    26.3    26.0    26.8    26.3    25.8
 -67.250  -5.250    25.7    25.7    25.8    26.9    26.5    26.4    25.7    26.1    25.8    26.5    26.2    25.7
 -67.250  -5.750    25.6    25.6    25.6    26.6    26.3    26.1    25.3    25.7    25.5    26.1    25.9    25.6
 -67.250  -6.250    25.4    25.3    25.3    26.2    25.7    25.4    24.4    25.1    25.1    25.7    25.8    25.5
 -67.250  -6.750    25.5    25.1    25.3    25.9    25.4    24.7    23.5    24.4    24.7    25.6    25.7    25.6
 -67.250  -7.250    25.5    24.8    25.2    25.6    25.2    24.5    23.1    24.1    24.6    25.4    25.6    25.6
 -67.250  -7.750    25.6    24.9    25.3    25.6    25.3    24.7    23.2    24.3    24.7    25.6    25.8    25.8
 -67.250  -8.250    25.7    24.9    25.5    25.6    25.5    24.9    23.4    24.5    24.8    25.5    26.0    26.0
 -67.250  -8.750    25.5    24.7    25.3    25.3    25.3    24.8    23.3    24.3    24.7    25.3    25.8    25.9
 -67.250  -9.250    25.3    24.3    25.1    25.0    25.0    24.8    23.0    24.2    24.4    25.1    25.5    25.6
 -67.250  -9.750    25.9    24.9    25.8    25.6    25.7    25.7    23.7    24.9    25.1    26.0    26.3    26.3
 -67.250 -10.250    25.9    24.9    25.7    25.6    25.7    25.8    23.8    25.1    25.3    26.0    26.3    26.4
 -67.250 -10.750    26.4    25.5    26.0    26.1    25.9    25.6    24.3    25.7    25.9    26.6    26.7    26.9
 -67.250 -11.250    26.3    25.5    25.6    26.0    25.3    24.3    23.9    25.3    25.9    26.5    26.4    26.8
 -67.250 -11.750    26.1    25.4    25.3    25.7    24.7    23.3    23.5    25.1    25.8    26.3    26.2    26.6
 -67.250 -12.250    25.8    25.2    25.0    25.4    24.1    22.0    22.9    24.6    25.6    26.1    25.9    26.4
 -67.250 -12.750    26.8    26.1    26.0    26.7    25.1    23.9    23.8    25.5    26.1    27.0    27.0    27.5
 -67.250 -13.250    28.4    27.4    27.6    28.7    26.7    26.7    25.4    26.8    26.9    28.5    28.7    29.1
 -67.250 -13.750    28.3    27.5    27.6    28.8    26.7    27.1    25.5    27.1    26.9    28.8    28.9    29.4
 -67.250 -14.250    28.1    27.5    27.8    28.6    26.7    27.4    25.6    26.9    26.5    28.7    28.9    29.4
 -67.250 -14.750    27.4    26.7    26.7    27.6    25.6    26.2    23.9    25.6    25.9    27.8    28.1    28.6
 -67.250 -15.250    24.6    23.6    23.7    24.3    22.9    23.1    20.8    22.4    22.5    24.7    25.3    25.0
 -67.250 -15.750    27.5    26.3    26.1    26.5    25.3    25.4    23.3    25.5    25.7    27.3    27.9    26.8
 -67.250 -16.250    25.6    24.3    24.1    24.7    23.7    23.6    21.6    23.6    23.9    25.4    25.9    24.3
 -67.250 -16.750    17.0    15.7    15.7    15.9    15.0    14.4    12.3    14.8    15.2    16.6    17.0    15.3
 -67.250 -17.250     8.6     7.2     7.5     6.5     5.2     3.7     2.1     5.1     6.3     7.4     8.3     6.9
 -67.250 -17.750    11.6    10.3    10.5     9.8     7.9     6.0     4.9     7.7     9.2    10.3    11.5     9.9
 -67.250 -18.250    13.8    12.6    12.5    12.1     9.1     8.2     6.1     8.9    11.0    12.4    13.8    12.0
 -67.250 -18.750    11.6    11.5    10.1     8.7     5.3     6.3     4.4     6.4     7.8     9.1    10.1     9.9
 -67.250 -19.250    12.0    11.5    10.4     9.3     6.1     6.2     4.7     6.5     8.2     9.2    10.6    10.6
 -67.250 -19.750    13.8    12.8    12.4    11.8     9.0     6.1     5.1     6.3     9.2    10.1    12.3    12.8
 -67.250 -20.250    14.8    13.2    13.5    12.8    10.1     4.8     4.1     5.0     9.0     9.7    12.7    13.9
 -67.250 -20.750    14.3    12.5    12.7    12.0     9.1     4.2     3.4     5.1     8.5     9.5    12.2    13.5
 -67.250 -21.250    12.7    10.9    10.8     9.8     6.6     3.2     2.2     5.1     7.5     8.8    11.1    11.9
 -67.250 -21.750     9.7     8.1     7.8     6.6     3.4     0.8    -0.4     3.4     5.2     6.6     8.6     9.1
 -67.250 -22.250     5.0     3.5     3.0     2.0    -1.3    -3.7    -4.6    -0.4     0.6     2.3     4.1     4.5
 -67.250 -22.750     4.7     3.3     2.7     1.9    -1.3    -3.8    -4.4    -0.2     0.5     2.2     3.9     4.4
 -67.250 -23.250     6.7     5.4     4.5     3.9     0.8    -1.6    -2.1     1.8     2.4     4.1     5.9     6.6
 -67.250 -23.750     5.3     4.0     2.7     1.7    -1.4    -3.8    -4.1    -1.2     0.2     2.5     4.4     5.4
 -67.250 -24.250     5.8     4.5     2.9     1.7    -1.6    -4.0    -4.2    -2.0    -0.1     2.9     4.9     6.0
 -67.250 -24.750     5.0     3.8     2.1     0.8    -2.7    -5.0    -5.3    -3.2    -1.1     2.0     3.9     5.4
 -67.250 -25.250     9.3     8.2     6.2     5.1     1.4    -1.1    -1.4     0.8     2.9     6.1     8.1     9.6
 -67.250 -25.750     8.2     7.1     5.2     3.7    -0.5    -3.0    -3.0    -1.2     1.3     4.5     6.4     8.5
 -67.250 -26.250    12.0    10.6     8.5     6.6     2.3    -0.4    -0.2     1.3     4.0     7.4     9.5    12.2
 -67.250 -26.750    11.8    10.1     7.8     5.6     1.0    -2.0    -1.5    -0.3     2.8     6.5     8.6    12.1
 -67.250 -27.250    10.7     8.7     6.2     3.9    -0.9    -4.2    -3.6    -2.3     1.0     5.2     7.2    11.1
 -67.250 -27.750    23.6    21.6    18.8    16.3    11.6     8.0     8.6     9.7    13.3    18.0    20.0    23.9
 -67.250 -28.250    26.7    24.5    21.7    19.2    14.5    10.9    11.4    12.7    16.0    21.0    23.1    26.9
 -67.250 -28.750    16.9    14.1    11.3     8.9     4.6     0.6     1.5     2.9     5.9    10.6    13.1    16.9
 -67.250 -29.250    23.4    20.1    17.3    14.9    10.6     6.4     7.6     9.1    11.9    16.6    19.4    23.2
 -67.250 -29.750    28.1    24.9    22.0    19.9    15.6    11.9    12.5    14.0    16.5    21.2    24.3    27.9
 -67.250 -30.250    26.8    24.1    20.8    19.0    14.5    11.0    11.2    12.5    14.9    19.6    23.0    26.3
 -67.250 -30.750    27.4    25.0    21.4    19.8    15.0    11.5    11.7    12.9    15.2    20.3    23.6    27.0
 -67.250 -31.250    28.2    25.8    22.2    20.7    15.7    12.1    12.1    13.6    15.7    21.1    24.4    28.0
 -67.250 -31.750    27.5    25.4    21.7    19.8    15.0    11.6    11.6    13.1    15.2    20.6    23.8    27.6
 -67.250 -32.250    26.3    24.6    20.9    18.4    14.1    10.7    10.9    12.0    14.4    19.5    22.6    26.6
 -67.250 -32.750    26.5    25.2    21.3    18.5    14.5    11.2    11.5    12.5    15.1    19.9    22.9    27.1
 -67.250 -33.250    26.0    24.9    20.9    17.7    13.5    10.2    10.8    11.7    14.6    19.4    22.2    26.6
 -67.250 -33.750    25.6    24.7    20.6    17.3    13.1     9.7    10.5    11.3    14.3    19.0    21.7    26.2
 -67.250 -34.250    25.2    24.2    20.0    16.8    12.6     9.1    10.0    10.7    13.7    18.4    21.2    25.8
 -67.250 -34.750    24.8    23.9    19.3    16.0    11.9     8.3     9.4    10.0    13.0    17.8    20.6    25.5
 -67.250 -35.250    24.7    23.8    19.2    15.9    11.9     8.4     9.4    10.0    13.0    18.1    20.5    25.5
 -67.250 -35.750    24.7    23.7    19.3    15.9    11.8     8.1     9.1     9.9    12.7    17.7    20.1    25.1
 -67.250 -36.250    24.4    23.4    19.0    15.5    11.4     7.3     8.5     9.2    12.2    17.1    19.2    24.4
 -67.250 -36.750    24.5    23.4    19.1    15.6    11.1     6.9     8.1     8.9    12.0    16.8    18.9    24.0
 -67.250 -37.250    24.6    23.2    19.0    15.5    10.9     6.9     7.8     8.6    12.1    16.8    18.7    23.5
 -67.250 -37.750    23.2    21.5    17.3    13.8     9.1     5.7     6.4     7.0    10.9    15.6    17.4    21.8
 -67.250 -38.250    23.2    21.5    17.2    13.6     8.9     5.7     6.5     6.8    10.8    15.8    17.5    21.6
 -67.250 -38.750    22.9    20.9    16.5    13.1     8.3     5.2     6.2     6.3    10.4    15.5    17.4    21.3
 -67.250 -39.250    23.0    21.2    16.8    13.4     8.7     5.9     6.7     6.8    10.7    15.9    18.0    21.8
 -67.250 -39.750    23.5    21.9    17.6    14.0     9.4     6.8     7.8     7.9    11.3    16.2    18.7    22.5
 -67.250 -40.250    21.9    20.6    16.3    12.6     8.4     6.1     6.9     7.1    10.0    14.7    17.7    21.5
 -67.250 -40.750    19.8    18.7    14.6    10.9     7.1     5.0     5.6     5.7     8.0    12.5    15.6    19.5
 -67.250 -41.250    16.0    15.0    11.0     7.2     3.6     1.7     2.3     2.3     4.4     8.7    11.9    15.8
 -67.250 -41.750    18.0    17.1    13.3     9.4     5.9     3.9     4.5     4.4     6.6    10.8    13.9    17.8
 -67.250 -42.250    17.6    16.6    13.1     9.5     5.8     3.9     4.3     4.2     6.8    10.6    13.5    17.3
 -67.250 -42.750    19.5    18.4    15.2    11.7     7.9     5.9     6.2     6.3     9.3    12.6    15.3    18.9
 -67.250 -43.250    19.6    18.5    15.4    11.8     8.1     6.0     6.4     6.5     9.7    12.8    15.4    18.9
 -67.250 -43.750    18.6    17.5    14.6    11.0     7.3     5.3     5.7     5.7     8.9    11.8    14.4    18.0
 -67.250 -44.250    17.7    16.8    13.7    10.3     7.0     5.2     5.6     5.3     8.2    11.0    13.5    17.0
 -67.250 -44.750    17.3    16.6    13.4    10.1     7.0     5.3     5.9     5.7     8.0    10.8    13.3    16.5
 -67.250 -45.250    15.8    15.3    11.7     8.5     5.6     3.8     4.6     4.5     6.4     9.2    11.9    14.9
 -67.250 -46.750    16.8    15.9    12.9     9.4     6.1     4.3     5.3     5.4     7.2     9.9    12.6    15.5
 -67.250 -47.250    16.5    15.5    12.8     9.5     5.8     4.1     5.2     5.3     7.1     9.7    12.5    15.2
 -67.250 -47.750    15.7    14.7    12.2     9.1     5.3     3.7     4.9     4.9     6.7     9.1    11.8    14.5
 -67.250 -48.250    15.3    14.5    12.1     9.5     5.9     4.8     5.6     5.4     7.1     9.2    11.6    14.7
 -67.250 -48.750    14.9    14.0    11.6    10.1     6.8     6.3     6.9     5.9     7.7     9.2    11.1    14.7
 -67.250 -54.250    10.2     8.7     7.3     4.1     0.8     0.7     0.6     2.3     3.1     6.6     6.9     9.2
 -67.250 -54.750     6.3     5.5     4.5     1.5    -1.4    -1.8    -1.0    -0.1     0.7     4.3     3.6     5.7
 -67.250 -55.250     9.2     8.5     7.8     5.1     2.2     1.9     2.8     2.9     3.9     7.5     6.5     9.1
 -67.250 -67.250    -6.5    -6.2    -8.6    -9.5   -17.2   -17.6   -18.2   -20.0   -18.5   -12.5   -10.1    -7.9
 
 
